code
01.001
40.001
03.001
06.001
25.001
03.002
03.003
03.004
03.005
03.006
03.007
03.008
03.009
40.002
16.001
16.002
25.002
25.003
40.003
40.004
40.005
40.006
25.004
40.007
25.005
40.008
40.009
24.001
40.010
40.011
40.012
05.001
15.001
16.009
17.001
24.002
24.003
24.004
24.005
06.002
24.006
24.007
24.008
24.009
05.003
15.003
15.004
24.010
24.011
24.012
11.001
25.006
25.007
24.014
40.013
16.005
16.006
25.008
24.015
16.007
06.003
06.004
40.014
24.017
24.018
16.010
16.011
16.012
16.013
16.014
16.015
16.016
25.009
25.010
24.019
40.015
40.016
40.017
40.018
16.017
16.018
40.019
40.020
17.002
17.003
40.021
17.004
17.005
16.019
17.006
17.007
25.011
06.005
25.012
11.002
11.003
06.006
06.007
17.008
06.008
13.001
24.020
06.009
11.004
06.010
17.009
17.010
13.002
13.003
13.004
11.005
13.005
11.006
13.006
40.022
40.023
24.021
40.024
24.022
40.026
13.008
13.009
24.023
05.002
40.027
13.010
11.007
13.011
13.012
13.013
04.001
24.024
04.002
06.011
06.012
06.013
06.014
40.028
13.014
06.015
06.016
04.003
04.004
05.004
40.029
11.008
04.005
40.030
40.031
40.032
40.033
16.020
40.034
21.001
11.009
40.035
40.036
40.037
40.038
40.039
40.040
40.041
40.042
40.043
40.044
40.045
40.046
40.047
40.048
40.049
40.050
40.051
40.052
06.017
40.053
40.054
13.015
25.013
06.018
40.055
06.019
30.001
31.001
31.002
31.003
31.004
30.002
06.020
06.021
31.005
31.006
31.007
25.014
40.057
31.008
31.009
31.010
30.003
31.011
31.012
30.004
31.013
31.014
31.015
31.016
31.017
31.018
31.019
31.020
30.005
30.006
30.007
30.008
30.009
06.022
13.017
30.010
30.011
30.012
30.013
24.025
16.021
16.022
16.023
16.024
16.025
40.058
40.059
40.060
40.061
09.001
40.062
22.001
19.001
19.002
19.003
19.004
19.005
40.063
40.064
40.065
16.026
16.027
16.028
16.029
16.030
16.031
16.032
16.033
16.034
32.001
32.002
32.003
32.004
21.002
40.067
08.001
27.001
40.068
27.002
27.003
27.004
27.005
27.006
27.007
27.008
25.015
25.016
27.009
27.010
23.001
40.069
20.001
15.011
40.070
27.011
40.071
27.012
40.072
40.073
27.013
27.014
27.015
27.016
27.017
27.018
27.019
07.001
27.020
08.002
16.035
16.036
23.002
23.003
23.004
23.005
23.006
40.074
16.038
23.007
40.075
21.003
23.008
23.009
11.010
16.039
16.040
16.041
16.042
33.001
16.043
33.002
19.006
20.002
23.010
23.011
23.012
23.013
23.014
23.015
16.044
16.045
16.046
16.047
19.007
16.048
24.026
20.003
40.076
20.004
33.003
33.004
40.077
16.050
23.016
23.017
23.018
23.019
23.020
23.021
23.022
23.023
23.024
23.025
23.026
13.018
23.027
23.028
23.029
23.030
23.031
23.032
23.033
40.078
23.034
23.035
23.036
40.079
23.037
40.080
23.038
40.081
40.082
40.083
40.084
23.039
23.040
19.008
40.085
40.086
40.087
40.088
40.089
40.090
19.009
19.010
19.011
19.012
19.013
20.007
16.053
19.014
19.015
19.016
19.017
19.018
19.019
16.054
16.055
23.041
19.020
19.021
02.001
24.027
19.022
17.011
17.012
19.023
19.024
24.028
08.003
19.025
08.004
08.005
08.006
08.007
19.026
20.008
16.056
08.008
08.009
08.010
08.011
24.029
08.012
08.013
08.014
07.002
08.015
08.016
08.017
16.057
08.018
08.019
08.020
08.021
16.058
16.059
08.022
24.030
33.005
06.023
24.031
24.032
33.006
40.091
33.007
33.008
12.002
40.092
20.009
24.033
16.060
24.034
24.035
24.036
17.013
17.014
25.017
25.018
33.009
24.037
11.011
16.061
16.062
19.027
24.038
24.039
24.040
19.028
40.093
20.010
20.011
20.012
28.001
25.019
25.020
25.021
40.094
30.014
30.015
30.016
40.095
40.096
40.097
40.098
02.002
01.002
40.099
40.100
40.101
01.003
17.015
08.023
40.102
14.001
14.002
20.013
26.001
26.002
29.001
26.003
26.004
26.005
26.006
29.002
40.103
40.104
28.002
20.014
33.010
28.003
20.015
08.024
08.025
10.001
16.063
33.011
08.026
07.003
20.016
15.018
06.024
06.025
06.026
06.027
06.028
24.057
06.029
40.106
33.012
01.005
11.012
11.013
31.021
25.022
25.023
05.006
05.007
25.024
25.025
05.008
25.026
17.016
17.017
17.018
17.019
17.020
17.021
17.022
17.023
25.027
17.024
17.025
17.026
24.058
24.059
24.060
24.061
24.062
24.063
24.064
24.065
24.066
24.067
24.068
24.069
24.070
17.027
25.028
25.029
25.030
25.031
25.032
25.033
25.034
25.035
25.036
25.037
17.028
27.021
27.022
27.023
27.024
27.025
27.026
27.027
27.028
27.029
27.030
27.031
27.032
27.033
27.034
27.035
27.036
27.037
27.038
27.039
27.040
27.041
27.042
27.043
27.044
27.045
27.046
27.047
02.003
27.048
27.049
27.050
27.051
27.052
27.053
27.054
27.055
27.056
40.107
40.108
27.057
25.038
25.039
25.040
25.041
40.109
40.110
20.017
40.111
25.042
40.112
40.113
25.043
40.114
40.115
25.044
40.116
24.071
33.013
33.014
12.003
30.017
30.018
17.030
17.031
17.032
17.033
17.034
25.045
23.042
23.043
23.044
23.045
30.019
30.020
33.015
33.016
33.017
32.005
19.029
32.006
32.007
19.030
40.117
19.031
40.118
40.119
40.120
40.121
40.122
23.046
40.123
40.124
16.064
16.065
16.066
16.067
16.068
13.020
40.125
23.047
40.126
23.048
23.049
23.050
23.051
23.052
23.053
23.054
23.055
23.056
23.057
23.058
40.127
40.128
23.059
40.129
40.130
40.131
05.009
29.003
14.003
14.004
14.005
14.006
40.132
16.069
16.070
26.007
40.133
26.008
26.009
26.010
40.134
28.004
20.018
30.021
29.004
26.011
33.018
30.022
20.019
30.023
20.020
16.071
16.072
16.073
16.074
20.021
16.075
26.012
16.076
16.077
16.078
16.079
16.080
20.022
20.023
16.081
16.082
16.083
16.084
16.085
20.024
16.086
20.025
26.013
16.087
16.088
16.089
16.090
20.026
16.091
16.092
26.014
19.032
02.004
32.008
30.024
28.005
20.027
20.028
20.029
20.030
10.002
10.003
10.004
02.005
02.006
02.007
19.033
13.021
19.034
10.005
40.136
19.035
19.036
25.046
17.035
17.036
05.010
20.031
19.037
20.032
40.137
20.033
02.008
40.138
40.139
10.006
16.093
20.034
06.030
06.031
06.032
06.033
06.034
20.035
03.010
33.019
29.005
16.094
29.006
29.007
29.008
16.095
16.096
16.097
16.098
33.020
08.027
08.028
03.011
20.036
16.099
16.100
16.101
16.102
16.103
08.029
08.030
08.031
08.032
17.037
17.038
25.047
25.048
25.049
16.104
16.105
25.050
16.106
16.107
16.108
06.035
16.109
17.039
17.040
17.041
17.042
27.058
27.059
40.140
17.043
17.044
17.045
17.046
40.141
18.001
27.060
27.061
27.062
27.063
27.064
27.065
27.066
27.067
27.068
27.069
27.070
27.071
27.072
27.073
27.074
27.075
27.076
27.077
27.078
27.079
27.080
27.081
27.082
27.083
27.084
27.085
18.002
18.003
27.086
18.004
27.087
27.088
27.089
40.142
27.090
27.091
27.092
17.047
17.048
17.049
25.051
40.143
40.144
40.145
40.146
40.147
29.009
40.148
40.149
40.150
40.151
29.010
40.152
28.006
40.153
30.025
28.007
10.008
40.154
27.093
40.155
40.156
27.094
40.157
40.158
40.159
40.160
40.161
40.162
40.163
40.164
16.110
40.165
16.111
16.112
16.113
40.166
40.167
16.114
40.168
16.115
40.169
16.116
16.117
40.170
27.095
40.171
40.172
40.173
16.118
03.012
16.119
16.120
16.121
40.174
16.122
16.123
28.008
16.124
40.175
40.176
40.177
16.125
16.126
16.127
40.178
19.038
19.039
02.009
16.128
16.129
05.011
17.050
40.179
32.009
32.010
32.011
40.180
40.181
30.026
32.012
40.182
19.040
16.130
16.131
19.041
19.042
19.043
17.051
02.010
02.011
02.012
02.013
02.014
02.015
02.016
08.033
32.013
32.014
08.034
24.072
24.073
16.132
16.133
16.134
32.015
07.004
02.017
40.183
19.044
19.045
24.074
24.075
06.036
06.037
06.038
06.039
06.040
17.052
40.184
30.027
19.046
19.047
19.048
19.049
19.050
19.052
19.051
19.053
19.054
19.055
19.056
16.135
17.053
02.018
02.019
02.020
02.021
06.041
33.021
33.022
26.015
26.016
40.185
29.011
26.017
29.012
40.186
40.187
40.188
06.042
17.054
33.023
02.022
16.136
12.006
07.005
03.013
27.096
17.055
17.056
17.057
02.023
02.024
02.025
02.026
02.027
02.028
02.029
02.030
17.058
17.059
17.060
17.061
17.062
17.063
02.031
02.032
02.033
02.034
02.035
02.036
02.037
17.064
17.065
17.066
17.067
11.014
11.015
11.016
11.017
17.068
24.078
25.052
08.035
08.036
14.007
07.006
07.007
07.008
07.009
16.137
16.138
40.189
40.190
40.191
16.139
16.140
27.097
07.010
02.038
27.098
27.099
27.100
27.101
27.102
27.103
27.104
40.192
14.008
14.009
14.010
24.079
24.080
16.141
27.105
16.142
16.143
16.144
16.145
02.039
19.057
32.016
16.146
16.147
16.148
16.149
16.150
30.028
20.037
30.029
10.009
30.030
30.031
24.081
24.082
24.083
40.193
06.043
17.069
17.070
07.011
20.038
20.039
14.011
19.058
17.071
19.059
19.060
19.061
02.040
25.053
17.072
14.012
08.037
24.084
24.085
24.086
24.087
40.194
27.106
27.107
08.038
29.013
29.014
01.006
14.013
14.014
25.054
03.014
06.044
02.041
09.002
02.042
02.043
02.044
20.040
26.018
17.073
17.074
17.075
17.076
24.088
17.077
24.089
01.007
04.006
04.007
04.008
02.045
02.046
02.047
17.078
02.048
02.049
02.050
10.010
02.051
02.052
02.053
02.054
02.055
02.056
02.057
02.058
02.059
02.060
17.079
17.080
17.081
17.082
17.083
17.084
17.085
25.055
25.056
40.195
26.019
26.020
26.021
24.090
24.091
24.092
25.057
25.058
24.093
24.094
24.095
20.041
08.039
17.086
40.196
40.197
40.198
40.199
40.200
40.201
19.062
19.063
17.087
19.064
20.042
24.096
19.065
17.088
17.089
26.022
22.002
17.090
17.091
22.003
22.004
22.005
17.092
17.093
09.003
17.094
25.059
17.095
17.096
08.040
17.097
25.060
17.098
24.097
24.098
17.099
03.015
17.100
17.101
17.102
17.103
17.104
02.061
18.005
18.006
02.062
04.009
04.010
04.011
02.063
02.064
02.065
02.066
02.067
02.068
02.069
02.070
02.071
02.072
02.073
02.074
08.041
17.105
20.043
26.023
17.106
26.024
26.025
40.202
29.015
28.009
13.023
22.006
28.010
22.007
22.008
29.016
22.009
40.203
40.204
19.066
12.007
20.044
17.107
12.008
10.011
40.205
17.108
17.109
17.110
24.099
24.100
24.101
04.012
24.102
24.103
24.104
24.105
24.106
24.107
24.108
02.075
10.012
02.076
02.077
02.078
02.079
02.080
40.206
26.026
06.045
19.067
16.151
10.013
12.009
18.007
40.207
40.208
19.068
19.069
12.010
10.014
24.109
05.012
40.209
05.013
20.045
20.046
02.081
02.082
17.111
17.112
26.027
26.028
02.083
08.042
07.012
24.110
40.210
04.013
04.014
01.008
01.009
19.070
19.071
01.010
18.008
26.029
26.030
12.011
26.031
26.032
26.033
02.084
02.085
08.043
04.015
17.113
07.013
40.211
40.212
40.213
40.214
40.215
05.014
28.011
12.012
17.114
17.115
17.116
17.117
29.017
17.118
17.119
17.120
17.121
26.034
01.011
10.015
16.153
02.086
02.087
40.216
20.047
20.048
40.217
40.218
40.219
40.220
32.017
40.221
40.222
40.223
40.224
40.225
40.226
06.046
10.016
25.061
06.047
06.048
17.122
40.227
40.228
40.229
08.044
12.013
12.014
19.072
19.073
24.115
24.116
24.117
24.118
24.119
24.120
24.121
24.122
40.230
40.231
40.232
05.015
24.127
01.012
11.018
10.017
19.074
27.108
40.233
03.016
17.123
40.234
11.019
11.020
40.235
40.236
21.004
21.005
21.006
21.007
12.015
17.124
17.125
40.237
10.018
10.019
10.020
07.014
40.238
17.126
12.016
10.021
10.022
10.023
10.024
10.025
10.026
10.027
03.017
19.075
17.127
17.128
27.109
17.129
17.130
08.045
27.110
19.077
40.239
40.240
28.012
26.035
26.036
26.037
09.004